36796422
36814854
36790280
36806672
36806674
36802579
36802582
36790301
36798496
36821025
36812848
36788274
36778041
36794430
36786239
36810818
36810822
36810824
36804692
36816982
36806747
36806753
36806756
36792421
36804710
36802662
36780141
36825204
36786294
36782201
36780160
36798593
36806799
36817046
36819102
36819119
36806850
36784326
36808906
36806863
36806877
36806885
36800742
36786407
36782314
36784362
36792566
36825345
36780295
36780297
36811018
36806922
36796685
36811026
36821266
36800789
36817179
36813086
36813095
36827438
36786480
36798774
36806970
36778309
36778318
36823375
36817231
36782415
36815195
36821347
36809065
36798826
36817267
36807028
36807033
36798842
36823424
36798850
36794756
36798854
36798864
36815255
36782487
36817305
36813210
36807071
36778432
36807108
36809156
36784583
36817371
36823516
36823524
36788708
36809194
36792820
36796917
36803070
36809228
36823565
36819470
36805140
36798997
36805142
36788767
36782638
36788783
36803124
36823605
36801078
36778566
36797001
36817482
36825675
36788813
36799059
36819540
36809305
36815453
36788831
36799073
36817510
36809318
36778617
36807296
36813441
36792968
36778639
36825747
36797079
36792985
36790947
36817571
36782761
36809385
36823723
36819631
36803249
36815540
36819640
36809404
36813500
36793022
36780739
36809414
36813510
36813518
36809423
36780752
36823760
36817628
36813535
36784864
36807394
36778730
36807408
36799221
36797178
36788986
36813564
36813570
36797188
36789010
36813595
36811554
36782884
36795173
36797231
36825913
36793147
36811581
36782918
36817738
36803408
36815705
36797273
36809565
36780898
36821861
36784998
36785005
36807533
36821871
36799345
36787059
36811646
36815744
36825992
36797324
36791185
36778905
36815781
36801448
36809648
36819894
36819906
36780999
36803533
36809677
36803537
36801491
36783062
36781015
36789226
36776939
36817900
36801515
36795380
36778999
36826111
36787200
36791297
36779010
36793357
36817938
36805650
36781077
36801562
36793372
36799516
36797471
36789303
36805688
36799548
36807740
36817981
36807743
36803661
36807763
36785239
36803673
36783196
36777053
36826210
36805730
36799600
36807803
36801659
36822141
36799620
36785285
36777096
36820105
36791434
36795530
36820122
36811934
36803744
36785318
36791465
36803767
36797626
36781248
36822210
36814019
36797636
36777164
36779215
36791506
36797650
36799700
36807890
36783327
36803813
36820205
36783348
36818166
36828409
36785409
36824330
36828427
36791566
36801807
36787473
36799772
36799776
36797736
36785450
36803882
36797751
36818233
36785467
36808001
36783445
36783449
36810075
36812132
36822374
36791671
36795772
36810112
36824450
36812175
36791697
36783509
36804013
36781487
36777396
36791763
36781525
36814297
36810205
36812256
36802021
36818409
36781554
36820469
36810230
36787711
36814336
36822530
36816387
36800009
36822542
36824595
36793881
36781594
36812317
36824607
36787746
36808231
36800041
36785707
36816436
36798006
36777529
36777536
36818501
36820555
36787794
36791895
36802136
36798051
36781669
36816487
36808296
36777576
36793974
36822654
36791936
36828801
36826755
36791939
36791942
36816519
36828811
36798092
36812429
36798094
36800144
36800151
36794025
36800196
36798157
36818640
36798162
36787924
36800223
36798179
36796133
36806381
36808430
36802289
36796153
36800257
36808452
36824856
36798238
36814627
36781860
36808488
36800297
36804394
36804404
36783937
36790083
36794180
36783942
36779855
36822875
36822880
36812655
36790133
36808566
36800374
36818821
36806539
36804495
36806556
36784032
36814754
36806577
36790196
36798395
36782018
36800456
36820937
36806607
36818896
36822994
36779996
36812765
36790238
36823007
36818918
36808679
36818923
36788206
36784114
36788210
36814834
36808698
